variables: isRHC nuPDG Ev Ev
-2 14 0.0 0.5
-2 14 0.5 1.0
-2 14 1.0 1.5
-2 14 1.5 2.0
-2 14 2.0 2.5
-2 14 2.5 3.0
-2 14 3.0 3.5
-2 14 3.5 4.0
-2 14 4.0 4.5
-2 14 4.5 5.0
-2 14 5.0 5.5
-2 14 5.5 6.0
-2 14 6.0 7.0
-2 14 7.0 8.0
-2 14 8.0 12.0
-2 14 12.0 16.0
-2 14 16.0 20.0
-2 14 20.0 40.0
-2 14 40.0 100.0
-2 -14 0.0 0.5
-2 -14 0.5 1.0
-2 -14 1.0 1.5
-2 -14 1.5 2.0
-2 -14 2.0 2.5
-2 -14 2.5 3.0
-2 -14 3.0 3.5
-2 -14 3.5 4.0
-2 -14 4.0 4.5
-2 -14 4.5 5.0
-2 -14 5.0 5.5
-2 -14 5.5 6.0
-2 -14 6.0 7.0
-2 -14 7.0 8.0
-2 -14 8.0 12.0
-2 -14 12.0 16.0
-2 -14 16.0 20.0
-2 -14 20.0 40.0
-2 -14 40.0 100.0
-2 12 0.0 2.0
-2 12 2.0 4.0
-2 12 4.0 6.0
-2 12 6.0 8.0
-2 12 8.0 10.0
-2 12 10.0 20.0
-2 12 20.0 100.0
-2 -12 0.0 2.0
-2 -12 2.0 4.0
-2 -12 4.0 6.0
-2 -12 6.0 8.0
-2 -12 8.0 10.0
-2 -12 10.0 20.0
-2 -12 20.0 100.0
-3 14 0.0 0.5
-3 14 0.5 1.0
-3 14 1.0 1.5
-3 14 1.5 2.0
-3 14 2.0 2.5
-3 14 2.5 3.0
-3 14 3.0 3.5
-3 14 3.5 4.0
-3 14 4.0 4.5
-3 14 4.5 5.0
-3 14 5.0 5.5
-3 14 5.5 6.0
-3 14 6.0 7.0
-3 14 7.0 8.0
-3 14 8.0 12.0
-3 14 12.0 16.0
-3 14 16.0 20.0
-3 14 20.0 40.0
-3 14 40.0 100.0
-3 -14 0.0 0.5
-3 -14 0.5 1.0
-3 -14 1.0 1.5
-3 -14 1.5 2.0
-3 -14 2.0 2.5
-3 -14 2.5 3.0
-3 -14 3.0 3.5
-3 -14 3.5 4.0
-3 -14 4.0 4.5
-3 -14 4.5 5.0
-3 -14 5.0 5.5
-3 -14 5.5 6.0
-3 -14 6.0 7.0
-3 -14 7.0 8.0
-3 -14 8.0 12.0
-3 -14 12.0 16.0
-3 -14 16.0 20.0
-3 -14 20.0 40.0
-3 -14 40.0 100.0
-3 12 0.0 2.0
-3 12 2.0 4.0
-3 12 4.0 6.0
-3 12 6.0 8.0
-3 12 8.0 10.0
-3 12 10.0 20.0
-3 12 20.0 100.0
-3 -12 0.0 2.0
-3 -12 2.0 4.0
-3 -12 4.0 6.0
-3 -12 6.0 8.0
-3 -12 8.0 10.0
-3 -12 10.0 20.0
-3 -12 20.0 100.0
0 14 0.0 0.5
0 14 0.5 1.0
0 14 1.0 1.5
0 14 1.5 2.0
0 14 2.0 2.5
0 14 2.5 3.0
0 14 3.0 3.5
0 14 3.5 4.0
0 14 4.0 4.5
0 14 4.5 5.0
0 14 5.0 5.5
0 14 5.5 6.0
0 14 6.0 7.0
0 14 7.0 8.0
0 14 8.0 12.0
0 14 12.0 16.0
0 14 16.0 20.0
0 14 20.0 40.0
0 14 40.0 100.0
0 -14 0.0 0.5
0 -14 0.5 1.0
0 -14 1.0 1.5
0 -14 1.5 2.0
0 -14 2.0 2.5
0 -14 2.5 3.0
0 -14 3.0 3.5
0 -14 3.5 4.0
0 -14 4.0 4.5
0 -14 4.5 5.0
0 -14 5.0 5.5
0 -14 5.5 6.0
0 -14 6.0 7.0
0 -14 7.0 8.0
0 -14 8.0 12.0
0 -14 12.0 16.0
0 -14 16.0 20.0
0 -14 20.0 40.0
0 -14 40.0 100.0
0 12 0.0 2.0
0 12 2.0 4.0
0 12 4.0 6.0
0 12 6.0 8.0
0 12 8.0 10.0
0 12 10.0 20.0
0 12 20.0 100.0
0 -12 0.0 2.0
0 -12 2.0 4.0
0 -12 4.0 6.0
0 -12 6.0 8.0
0 -12 8.0 10.0
0 -12 10.0 20.0
0 -12 20.0 100.0
1 14 0.0 0.5
1 14 0.5 1.0
1 14 1.0 1.5
1 14 1.5 2.0
1 14 2.0 2.5
1 14 2.5 3.0
1 14 3.0 3.5
1 14 3.5 4.0
1 14 4.0 4.5
1 14 4.5 5.0
1 14 5.0 5.5
1 14 5.5 6.0
1 14 6.0 7.0
1 14 7.0 8.0
1 14 8.0 12.0
1 14 12.0 16.0
1 14 16.0 20.0
1 14 20.0 40.0
1 14 40.0 100.0
1 -14 0.0 0.5
1 -14 0.5 1.0
1 -14 1.0 1.5
1 -14 1.5 2.0
1 -14 2.0 2.5
1 -14 2.5 3.0
1 -14 3.0 3.5
1 -14 3.5 4.0
1 -14 4.0 4.5
1 -14 4.5 5.0
1 -14 5.0 5.5
1 -14 5.5 6.0
1 -14 6.0 7.0
1 -14 7.0 8.0
1 -14 8.0 12.0
1 -14 12.0 16.0
1 -14 16.0 20.0
1 -14 20.0 40.0
1 -14 40.0 100.0
1 12 0.0 2.0
1 12 2.0 4.0
1 12 4.0 6.0
1 12 6.0 8.0
1 12 8.0 10.0
1 12 10.0 20.0
1 12 20.0 100.0
1 -12 0.0 2.0
1 -12 2.0 4.0
1 -12 4.0 6.0
1 -12 6.0 8.0
1 -12 8.0 10.0
1 -12 10.0 20.0
1 -12 20.0 100.0